20195483048636828481643248030012109072974536420212559031184582068243779852221
15
20195483048636828481643248030012109072974536420212559031184582068243779852221
18095443515866076436517306829451493248354374147761795035866223231195890856583
8316210422448462798030527524422455159915596679716303521684079359407784274435
21539751944141156767612288220913383419916367929581243257096719151356302048356
4007231835643509639909436767421662162619126713750665587825023901913260689253
13876174797187110348703000600957627795866333572647892208067214532019530343694
11760191348702535898065483228528070323798246737480961702680607758144211707450
12484023094728702031456228983610305715019239301058426765307526661316129754433
16592125185534334592346526072054234940079365774221389054823275760222024721433
2510739482419333115916385053028236726761917068540993242876100958582489854654
9794747758297324383634898261105744437301992745837270516931724618858313223859
6101127431456229004244672207394580632851766322549378831943798090927140890740
17100331416295121708404104584074436996251550421990524910546696069708047690129
3234630898103114373358968581751927690850602458088175853348785049257365236640
2035457551469256006891315958237425672624331879949758701479079048569861168811
10939337446479793906618050654406845806178670253056983354049318166682575763005
10686540138865716358197671502879760421011034080702878866749579736003285098422
9757942576991883567455174957484139913838551758531356200912510737370745463771
9042819927792121173303414398533290361966205597629186816622765536006783892338
65237286586490344201277736509215496261894962217035767963162805157677568982
14483956986746118201198051357272714542525894168827826788659533240696467134100
18626593910450505679446480100643854719784581557553074979914057960687739706625
13791733669099157156111001296892280706729669898487644915436185112227341650424
2529204509904317025195617157426751919008006563731220515770790441486418710770
4896801399844405588274143573705130923440245549884503852330817296917722770811
11468668137607814918882235342178005187353753591123246683152169163797169781338
10544098119165365681318885852814441302323720633139181866531214837597534496463
13735130412215689547795873703997493748287126959263522313754488485877309357189
13250975294646682960252746553050563144992014662035372566808606502315173383146
8922309816331095273421410938547108251877514950807021128091250293026113385629
1363488006086680676792721482185109578753424659340656226701391392352411631422
1724486941427845446710680017669575125934397243040977874142418986704305370147
18826566040899547502895915481258866683475378796342574894475958912694100613551
11173660167969471005896596952650708784327685936708043080015234326050202088826
12695667668612278209408758744076923473796559301070979353683939752082868749447
10518391259412765629072532502220020225233473012248751328769696098880644841882
12271827092054447201963580971952924567654199263865424700687410229617965207103
19814026977432520865280902100314625884525137799947084503315171936298201129472
8304106852688605300663635392014023705744561729251626132400774401149699680671
10472576229918065650966964910494705472594729462258102497230675223269080080345
15878780386010519798515642374532058961769155689424669939187503710048359070745
12883209259848343425211846414150196799240391128097630351967038571163627174314
1656830347039523645041523456763270562139353431951073739940047881557371689323
20031719807341671606772091617801134549202003613794200911029427396273941601406
6881167765447751515031142336937160045383723435949400262181921467670496918691
1656830347039523645041523456763270562139353431951073739940047881557371689323
20031719807341671606772091617801134549202003613794200911029427396273941601406
6881167765447751515031142336937160045383723435949400262181921467670496918691